Top3 31_200_PS Carb_10	Top3 32_200_PS Carb_100	Top3 33_small_Citrate_10	Top3 34_large_Citrate_10	Top3 35_small_PEI_10	Top3 36_large_PEI_10	Top3 37_large_PVP@AU_100	Top3 38_small_PVP@AU_10	Top3 39_small_PVP@AU_100	Top3 40_large_Citrate_100	Top3 41_large_PEI_100	Top3 42_small_Citrate_100	Top3 43_small_PEI_100	Top3 44_large_PVP@AU_10	Top3 45_large_PEG@Au_100	Top3 46_large_PEI@Au_100	Top3 47_small_PEI@Au_100	Top3 48_200_PS Carb@ PEG_100	Top3 49_200_PS Carb@ PEG_100	Top3 50_FBS	Top3 51_SPQC1	Top3 52_SPQC2	Top3 53_SPQC3	Majority protein IDs
E	E	E	E	E	E	E	E	E	E	E	E	E	E	E	E	E	E	E	E	E	E	E	T
0	0	0	5781300	81357000	0	11911000	0	10477000	29949000	29771000	0	15992000	0	0	0	0	0	0	65084000	8406000	8858500	25913000	A2I7M9
16708000	0	17953000	38238000	24837000	37879000	102790000	10144000	101360000	131210000	156570000	55701000	123570000	17436000	33192000	3203000	34304000	0	6115800	241180000	68964000	72270000	73921000	A2I7N0
0	0	0	0	0	0	0	0	0	0	19706000	0	11035000	0	3219300	0	0	0	0	29073000	0	0	0	A2I7N1
0	0	0	0	0	0	21393000	4459100	23326000	33325000	23024000	10875000	29144000	7295400	15416000	3883600	0	0	0	53483000	17526000	24811000	17598000	A2I7N2
27943000	0	80574000	115630000	102110000	113330000	312089984	29135000	314680000	440960000	522720000	148300000	439969984	70687000	136750000	12774000	98595000	10571000	23442000	670070016	270140000	214820000	225090000	A2I7N3
0	1543900	0	0	0	0	0	0	0	0	0	0	0	0	0	0	0	4191700	15101000	0	0	0	0	A2VE23
0	0	0	0	0	0	0	0	0	49094000	0	20855000	0	0	0	0	0	0	0	0	0	0	0	A2VE99
0	2481900	13634000	9603900	0	0	0	0	0	0	0	6351100	0	0	0	0	0	4041100	10045000	0	0	0	0	Q58DS5
0	0	17102000	18736000	23119000	22895000	31975000	9288700	57886000	64620000	68738000	51852000	80816000	8322900	18025000	3488600	62454000	0	0	0	34374000	35822000	33620000	Q5E9E2
0	0	143070000	111110000	0	0	365849984	60390000	0	69065000	0	81421000	0	97470000	0	0	0	0	0	0	45517000	39629000	57796000	A5D7B7
0	0	0	0	13820000	17772000	0	0	0	0	0	0	31592000	0	0	0	0	0	0	0	0	0	0	A5D7D1
0	0	5539800	3951000	0	0	0	0	0	0	0	0	0	0	0	0	0	0	0	0	0	0	0	A5D7I4
0	6443600	0	0	0	32271000	0	0	0	0	44438000	0	48048000	0	0	0	15405000	0	13424000	0	0	0	0	A5D989
2261100	0	0	0	0	0	0	0	0	0	0	0	0	0	0	0	0	0	0	0	0	0	0	A5PKI3
0	0	23419000	18581000	42271000	42503000	0	0	0	0	464020000	21492000	177030000	0	53813000	2299800	162040000	0	0	0	27157000	30528000	36687000	A6H767
15088000	4652400	0	0	0	0	0	0	0	0	0	0	0	0	0	0	0	12228000	15650000	0	0	0	0	A6H768
0	0	5451600	10706000	0	0	32447000	1298300	7758200	57896000	81255000	32268000	85898000	2048600	0	0	0	0	0	18547000	8515800	37293000	20982000	A6QNT4
0	0	0	0	0	0	37921000	22033000	87023000	92197000	32576000	5267400	158080000	6518200	10478000	12327000	0	8445000	9373300	194930000	83541000	38360000	114260000	A6QPQ2
11913000	0	0	0	0	0	0	0	0	0	0	0	0	0	0	0	0	0	0	0	0	0	11913000	A6QQF6
5195600	0	11038000	8879700	5327800	7106000	0	0	0	0	11578000	0	11951000	0	0	0	11284000	2721300	4163000	0	0	0	0	A6QR46
0	0	26622000	0	760659968	777249984	17972000	0	16399000	19078000	162740000	0	198640000	6621500	0	4689500	96725000	0	0	35387000	143470000	135300000	148940000	A7E3W2
0	0	0	0	0	0	0	0	0	0	0	4837200	0	0	0	0	0	0	0	0	0	0	0	A7MB62
0	0	0	0	0	0	0	0	0	0	55067000	0	0	0	0	0	0	0	0	0	0	0	0	A7MBJ5
0	0	0	0	0	0	0	0	0	0	41990000	0	0	0	0	0	7725100	0	0	0	0	0	0	C0HLN2
0	0	0	0	0	0	0	0	0	0	19979000	0	16333000	0	6547900	0	0	0	0	42139000	13307000	12092000	0	E1BF81
3572100	1690700	0	4563400	0	0	3172100	0	19662000	19482000	0	8290200	0	0	0	0	0	0	0	0	5621800	4957000	5607300	F1N152
23676000	2755600	23723000	32470000	40595000	39516000	86423000	0	86405000	114340000	134870000	46156000	116270000	14276000	37412000	3346300	21807000	0	0	191960000	62798000	75778000	61697000	G3MYZ3
0	0	0	0	0	0	0	0	7530600	0	22010000	0	0	0	3875200	0	27203000	0	0	0	0	0	0	G3X745
0	0	12276000	30680000	0	9607900	0	0	0	0	0	0	0	0	0	0	0	0	0	0	0	10210000	7650400	O02659
8655300	0	0	0	0	0	0	0	0	0	0	0	0	0	0	0	0	0	0	0	0	0	0	O18738
2988200	2646600	0	0	3357200	0	34339000	0	47759000	64832000	0	9492800	5932200	0	24649000	0	0	0	0	0	12869000	10189000	8229700	O18739
17811000	2495300	0	0	55971000	57630000	0	0	0	0	229170000	9646700	163950000	0	2591600	10084000	125590000	0	0	0	24446000	23134000	28645000	O18979
412920000	79671000	1740899968	1807299968	625510016	552710016	1046699968	320289984	1195399936	1505500032	1865299968	898470016	1533399936	279609984	598889984	54942000	445729984	34636000	90132000	2041100032	1272099968	789169984	1282000000	O46375
0	0	0	0	19546000	14604000	0	0	0	0	7251600	0	9981600	0	0	0	0	0	0	0	0	0	0	O46414
0	0	8270400	0	52213000	54343000	0	0	0	0	28157000	0	36602000	3191200	0	0	0	0	0	9453300	14543000	15192000	12416000	O46415
3735500	2843400	0	0	7449700	0	0	7759000	0	0	0	0	0	10890000	0	0	0	0	0	0	0	0	0	O46470
18173000	0	35052000	32914000	14961000	0	355329984	57733000	640689984	343769984	0	107330000	18850000	40362000	109200000	0	0	0	0	0	89115000	122040000	110050000	O62644
0	0	0	0	181850000	280190016	0	0	9254800	0	1322200064	26870000	636369984	3458300	0	33972000	726400000	0	0	0	91606000	85574000	90601000	O77742
0	0	0	0	0	0	0	7659200	0	0	0	0	0	9485900	0	0	0	0	0	0	0	0	0	O77783
39946000	8117700	0	0	0	0	0	0	0	0	0	0	0	9325400	0	0	0	0	0	0	0	0	0	O77834
0	1038900	0	0	0	0	7576000	0	0	0	0	0	0	0	0	0	0	0	0	0	0	0	0	O97680
0	0	0	0	0	0	14758000	0	21158000	28872000	13480000	0	0	0	7074100	0	0	7308600	5897100	0	0	0	0	P00432
0	0	0	0	0	0	0	0	0	0	9239400	0	7709300	0	0	0	0	0	0	0	0	0	0	P00515
698110016	640449984	1073200000	781880000	4172000000	5001500160	555539968	282020000	779880000	2179000064	5788400128	1229400064	3908999936	410590016	305660000	486560000	7056000000	6298600	723710016	240760000	1894000000	1784400000	1974999936	P00735
60745000	21523000	139990000	108690000	625560000	895059968	46160000	29029000	62391000	175880000	152440000	142940000	180280000	17719000	13016000	7451900	186810000	0	0	0	255530000	261240000	222590000	P00741
19017000	3388000	305460000	368350016	585240000	665110016	60542000	248310000	88684000	219300000	568600000	244910000	354060000	322680000	38195000	108740000	2025799936	5371900	4492500	0	248090000	252620000	252580000	P00743
16579000	2402200	15393000	41652000	143330000	139380000	18338000	21420000	15080000	30740000	153250000	21231000	108490000	18877000	8908200	7845800	290740000	0	0	0	50464000	41677000	39148000	P00744
20084000	0	126550000	101130000	437929984	562350016	0	72696000	0	0	80494000	31604000	148920000	60136000	8120000	13862000	188530000	0	0	0	113970000	114870000	106180000	P00745
87995000	7218300	1313299968	1447100032	4724700160	7020100096	303560000	83402000	220370000	403660000	5584699904	422990016	3705499904	74653000	116080000	1312600064	16999999488	116990000	23932000	583990016	1482000000	1546099968	1550199936	P00978
416700000	53754000	187260000	300020000	119580000	88807000	348910016	37775000	243200000	412100000	328150016	167360000	362560000	49804000	95902000	9290300	88133000	15906000	41005000	547880000	228520000	238930000	217610000	P01017
574780032	25380000	1843900032	1709799936	2619399936	1547200000	748460032	486790016	1326700032	981670016	1866300032	1179699968	2547200000	333960000	240430000	48343000	1059299968	11077000	17315000	142210000	1397900032	1335600000	1383200000	P01030
187050000	37838000	25896000	80286000	0	0	128550000	42775000	200050000	38202000	0	29213000	19321000	41872000	0	0	0	0	0	21418000	35346000	40531000	38792000	P01035
736489984	105860000	1253600000	919740032	909390016	288529984	1101699968	148870000	1501100032	1708199936	697920000	746929984	584040000	143030000	273849984	17798000	259620000	24641000	54909000	812489984	979870016	953510016	974400000	P01044
170510000	15298000	340649984	233680000	193100000	65858000	258080000	44170000	282769984	357910016	166120000	151700000	154780000	47144000	69029000	4453300	48825000	6645000	8169500	182850000	215240000	203870000	206180000	P01045
0	0	0	0	0	0	0	0	0	0	0	0	0	0	0	374750	0	0	0	0	0	0	0	P01252
0	0	0	0	34034000	49950000	0	0	0	0	148170000	0	78583000	0	0	0	85155000	0	0	0	17851000	0	496080000	P01267
44664000	0	0	0	0	0	71699000	81346000	151460000	49933000	31393000	40334000	34446000	167410000	12154000	0	0	0	0	33745000	0	0	0	P01888
7071300096	5753699840	2858599936	6536699904	2110300032	1886400000	8366199808	1398700032	13859000320	4866800128	6223900160	2845900032	3579599872	1426300032	3789999872	126500000	2873200128	17141000192	25492000768	2473499904	4056600064	5217099776	4184999936	P01966
27209000	0	34345000	93346000	0	0	48061000	15878000	96488000	39292000	67908000	22378000	33306000	0	26685000	0	0	0	0	46853000	34401000	35138000	34682000	P02070
7734400000	4565400064	2632300032	7251500032	1077400064	769470016	7036199936	1089900032	12757000192	3712100096	3593999872	2290700032	3039000064	621619968	2261600000	89837000	1030099968	1704899968	4846300160	2507399936	3921999872	3861900032	3796999936	P02081
24812000	0	693969984	769180032	24720000	0	57697000	156190000	61137000	650110016	0	770739968	32195000	36322000	14704000	5822800	0	0	0	22723000	356710016	322780000	342020000	P02453
0	0	381220000	366249984	32043000	0	69559000	295790016	145050000	779390016	0	448169984	19894000	114260000	43206000	0	0	0	0	0	239950000	258970000	268480000	P02459
0	0	411480000	402350016	0	0	0	70210000	37498000	360400000	17310000	447630016	18338000	17781000	0	0	0	0	0	0	190520000	169250000	196890000	P02465
0	0	0	0	0	0	0	0	0	0	0	0	6994700	0	0	0	7920100	0	8533400	0	0	0	0	P02510
5005300	0	0	0	0	0	0	0	0	0	0	0	0	0	0	0	0	0	0	0	0	0	0	P02584
0	0	0	0	0	7366700	10904000	0	12948000	0	0	0	38878000	0	0	0	0	0	0	0	7659100	0	0	P02639
940760000	89425000	172230000	980569984	162440000	113380000	104340000	43245000	179140000	187380000	210990000	152880000	196980000	39153000	80996000	5721700	86804000	46533000	56797000	154750000	193270000	214430000	212690000	P02672
445880000	28442000	294240000	327870016	77794000	52631000	40450000	14155000	71102000	68223000	109220000	71293000	63134000	15465000	42666000	0	44319000	41761000	49527000	46638000	97154000	104790000	99259000	P02676
13358000128	3276699904	15624999936	18480001024	17980000256	19478999040	43931000832	7027500032	35127001088	42929000448	49484001280	24864999424	46599999488	11863000064	24881999872	3116399872	14798999552	2385400064	4997199872	73593004032	33048000512	34083000320	34027999232	P02769
88260000	22948000	105780000	126230000	34872000	0	271249984	24429000	544529984	439040000	73560000	168140000	0	16183000	49659000	0	16823000	0	0	0	127850000	142150000	137800000	P04815
0	0	0	0	0	0	0	0	0	0	0	0	0	0	0	0	16870000	0	0	0	0	0	0	P05059
0	0	0	0	17294000	25680000	0	0	0	0	56807000	0	52848000	0	0	3694000	84617000	0	0	0	0	0	0	P05307
0	0	0	0	0	0	0	0	0	5084200	0	0	0	0	0	0	0	0	0	0	0	0	0	P06623
234350000	11434000	123150000	232930000	109320000	77496000	244630000	27291000	235130000	278600000	275080000	242790000	213700000	39166000	66961000	5245200	83245000	0	8026300	254500000	203270000	163680000	172070000	P06868
72427000	4539600	347630016	153660000	930920000	1046000000	65687000	43387000	62996000	166710000	109630000	197670000	127000000	35832000	13321000	5537700	88830000	0	0	45113000	276840000	263060000	281860000	P07224
0	0	0	18921000	0	0	147790000	16313000	185470000	61526000	0	25473000	0	20119000	0	0	0	0	0	0	27501000	30391000	34392000	P07455
83725000	30713000	127920000	168470000	22666000	0	1203000064	239570000	2288600064	312969984	21511000	132850000	14969000	494580000	23282000	0	0	0	0	15369000	205590000	216700000	201650000	P07456
0	3019300	11396000	30157000	24587000	20358000	206470000	0	286480000	145160000	45826000	41000000	30688000	3859500	17716000	0	11789000	0	3024200	0	67071000	49451000	61990000	P07507
253400000	20884000	844920000	591769984	757670016	468360000	158530000	25588000	198810000	263100000	371969984	309649984	363550016	30263000	152550000	5525000	107350000	84252000	93714000	0	353110016	420849984	414609984	P07589
39873000	12726000	0	15286000	0	0	0	0	0	0	0	0	0	0	0	0	7078200	0	0	0	0	0	0	P08037
0	0	0	0	47449000	51823000	4374000	0	0	0	0	0	51823000	0	0	0	0	0	0	0	0	0	0	P08169
0	0	0	0	0	0	10820000	0	22066000	0	0	0	0	0	0	0	0	0	0	0	0	0	0	P09867
0	2162900	6904100	7722400	13580000	10793000	34461000	4461800	79887000	73574000	185100000	8499900	39354000	4922500	36167000	0	16468000	2628000	12488000	0	24081000	15244000	16387000	P0C0S9
0	0	0	0	0	4873400	0	0	0	0	0	0	0	0	0	0	0	0	0	0	0	0	0	P63048
283800000	102350000	307060000	318340000	331289984	308590016	182790000	73505000	379640000	418880000	450800000	316209984	560689984	45367000	78415000	10275000	298889984	152600000	369880000	0	300289984	298590016	307310016	P10096
0	0	22499000	0	0	0	0	0	0	0	0	0	0	0	22499000	0	0	0	0	0	0	0	0	P10103
32382000	0	53067000	47345000	0	0	294049984	84531000	732360000	635699968	0	128420000	0	103170000	0	0	0	0	0	0	139790000	84724000	0	P10152
28152000	8638300	0	0	0	0	0	0	0	0	0	0	0	0	0	0	0	3442900	5904200	0	0	0	0	P11116
77078000	7590100	202360000	220830000	94118000	73131000	375720000	111760000	529129984	379809984	252240000	269460000	238450000	142980000	109090000	4473500	96081000	22899000	25846000	0	181980000	184410000	171850000	P12260
0	7607000	0	0	0	0	0	0	0	0	0	0	0	0	0	0	0	0	7209300	0	0	0	0	P12378
0	2533400	0	2664100	0	0	0	0	0	0	0	0	0	0	0	0	0	0	0	0	0	0	0	P12624
135070000	44536000	0	0	126050000	125850000	45605000	22176000	0	0	155910000	0	0	12945000	13314000	0	123640000	0	170180000	0	114480000	0	0	P12661
46748999680	1218700032	7604800000	10131999744	12944000000	14876000256	22378000384	4184100096	21689999360	35066998784	40940998656	24932999168	34151000064	8008600064	14616999936	1405900032	11239999488	1387200000	2816999936	54880002048	24590000128	22080000000	21643999232	P12763
495169984	30841000	270110016	294740000	75898000	46200000	49575000	15287000	106320000	69762000	113360000	65450000	40907000	17863000	50367000	0	32181000	46642000	58128000	0	108380000	93456000	90169000	P12799
0	6311700	18004000	17074000	25234000	23143000	105440000	14323000	154040000	37783000	0	18677000	0	23673000	0	0	0	9034600	10009000	0	24554000	26262000	27768000	P13135
0	0	0	0	108960000	116070000	0	0	0	0	37730000	0	67343000	0	0	29137000	320360000	29442000	0	0	21989000	20655000	22771000	P13213
465140000	148930000	593480000	752419968	57090000	0	134150000	49243000	316110016	916030016	0	815710016	51545000	30765000	37028000	0	0	0	0	29639000	399920000	388750016	392780000	P13384
0	0	0	0	137620000	158460000	11868000	0	25794000	0	1179699968	26444000	505200000	0	22212000	65014000	820760000	3791000	12396000	0	83448000	77685000	70557000	P13605
0	0	0	0	93356000	92620000	7637100	0	0	0	1066099968	33185000	308420000	0	47634000	11699000	404200000	2259500	13518000	0	53797000	48128000	55412000	P13608
28808000	10319000	31382000	24237000	11697000	0	0	0	0	29922000	0	18675000	34768000	0	0	0	13668000	5639400	6556400	0	0	0	12794000	P14568
72321000	14261000	76660000	77927000	0	0	144710000	0	309169984	389100000	0	166140000	0	0	36859000	0	0	0	0	0	114150000	94793000	102020000	P15467
9396200448	1264000000	1796800000	3396600064	2122499968	1727900032	2786599936	1247000064	3276699904	3101400064	4298999808	1078300032	3198099968	1611699968	978390016	88673000	945609984	3626299904	7339800064	3592100096	2544800000	2052800000	2313400064	P15497
0	0	18481000	12895000	0	0	0	4036500	0	0	0	15940000	0	2632700	0	0	0	0	0	0	0	0	0	P16368
8199900160	1570599936	8392000000	8225900032	201610000	74141000	1104999936	1398700032	1448700032	2494299904	433100000	3036499968	374670016	859529984	149090000	12637000	111680000	15642000	26550000	593160000	2915099904	2946700032	2891300096	P17690
601230016	147010000	521049984	427560000	570030016	577190016	154810000	90579000	212240000	305449984	661580032	261550000	542760000	65158000	54163000	24694000	561600000	401620000	1183200000	85711000	357260000	379710016	346129984	P17697
13941000	0	331609984	443409984	76491000	30713000	130510000	62800000	152590000	192430000	139070000	163920000	206320000	45698000	47789000	0	5769500	0	0	215940000	191490000	171250000	191780000	P18902
0	14786000	0	0	0	0	0	0	0	0	0	0	0	0	0	0	0	39527000	101390000	0	0	0	0	P19034
692609984	420500000	298300000	156160000	80543000	79760000	185390000	35231000	368470016	107070000	198850000	76609000	97273000	43447000	49766000	3942100	67917000	809539968	2016099968	61702000	183360000	173190000	191680000	P19035
24011000	0	0	0	0	0	0	0	0	0	0	0	0	0	0	0	0	0	0	0	0	0	0	P19217
0	0	0	0	23087000	22921000	36389000	0	31935000	0	133820000	0	70374000	0	8986000	5492700	69970000	0	0	0	0	9580300	10906000	P19427
6115600	0	0	0	0	0	0	0	0	0	0	0	0	0	0	0	0	0	0	0	0	0	0	P19534
0	18737000	0	0	0	0	0	0	29049000	0	28773000	0	0	11048000	0	0	0	0	0	0	0	0	0	P19660
0	4192000	0	0	0	0	0	0	0	0	0	0	0	0	0	0	0	0	0	0	0	0	0	P19661
0	0	12529000	15159000	0	0	0	3361300	0	0	0	10997000	0	3329600	0	0	0	0	0	0	0	0	0	P19803
23458000	12702000	8632900	18541000	6221600	0	11564000	2092400	13462000	19677000	13275000	9408000	10706000	0	2370700	0	4850400	7501400	11108000	11105000	11763000	8267300	11673000	P19858
0	0	0	0	0	7184300	0	0	0	0	0	0	18917000	0	0	8750900	101920000	0	0	0	0	0	0	P19879
0	0	0	0	0	0	0	0	11643000	0	0	0	0	0	0	0	0	0	0	0	0	0	0	P20414
69343000	10194000	80983000	81938000	23658000	0	130670000	21308000	223710000	292620000	0	128440000	0	19896000	50060000	0	0	0	0	0	88706000	82880000	82172000	P20959
0	0	0	0	0	0	0	0	0	0	0	0	0	0	3855400	0	0	0	0	0	0	0	0	P21782
0	0	0	0	0	0	63155000	0	67101000	0	116750000	0	0	9622500	61811000	0	36992000	25134000	63739000	0	0	0	0	P21793
0	0	0	0	0	8890800	60524000	6342900	102620000	0	196060000	0	35191000	10226000	104120000	0	42577000	15681000	53852000	0	13647000	0	8885700	P21809
95276000	15547000	48918000	50440000	53146000	52131000	37139000	20968000	32299000	45141000	40592000	34796000	68191000	21552000	8752900	0	68264000	5577900	11227000	0	40144000	33675000	35816000	P22226
0	0	0	12060000	70065000	104570000	0	0	0	0	0	0	0	0	0	0	27320000	0	0	0	14824000	0	14665000	P22457
0	0	14094000	29446000	16819000	13140000	687180032	20373000	720150016	15294000	55867000	12677000	35579000	32239000	395440000	23949000	326790016	0	0	0	73444000	79759000	71374000	P23206
19091000	9917000	27141000	36492000	13722000	0	94759000	15418000	144970000	142860000	0	38853000	0	25179000	22837000	0	22606000	0	0	0	49394000	48834000	47191000	P24591
0	5491900	0	0	0	0	72070000	20056000	121260000	98333000	0	22346000	0	25051000	26032000	0	0	0	0	0	25999000	28184000	27936000	P24627
0	0	0	0	0	0	0	0	0	16545000	0	0	0	0	0	0	0	0	0	0	0	0	0	P28782
0	0	0	0	0	0	0	0	0	14202000	0	6867600	0	0	12673000	0	0	1973900	0	0	0	4000600	0	P28783
274209984	44515000	232660000	316070016	262440000	256320000	375369984	104890000	445280000	551089984	1732899968	257990000	524340000	152780000	234750000	47086000	949009984	30600000	53746000	564680000	381350016	360020000	285329984	P28800
0	0	0	0	0	0	41706000	0	71230000	0	0	0	0	7875100	4936800	0	0	0	0	0	0	0	6573600	P30922
0	0	0	0	0	0	0	0	0	0	115830000	0	49868000	0	0	0	0	0	9560000	0	0	0	0	P30932
0	0	0	20441000	14952000	8852000	0	0	10593000	0	13624000	0	13840000	0	0	0	24318000	0	0	0	0	0	7766900	P31098
0	0	0	0	132230000	161100000	0	0	0	0	270480000	0	131280000	0	0	16756000	276840000	12747000	0	0	32135000	28368000	35949000	P31836
0	0	0	0	0	0	0	0	0	626760000	0	180540000	0	0	0	0	0	0	0	0	0	0	0	P31976
34440000	32832000	0	0	0	0	52501000	14766000	79987000	0	19047000	0	0	24360000	0	0	0	0	5739600	0	12127000	11534000	10881000	P33046
0	9125900	13223000	29166000	0	0	0	0	28446000	0	0	0	0	0	0	0	0	0	0	0	0	0	0	P33072
27769000	0	226820000	98596000	50494000	17215000	20693000	59062000	30857000	348620000	45579000	247440000	32750000	31521000	10610000	0	19887000	0	0	0	131140000	137020000	112790000	P33433
0	0	0	0	16078000	14040000	0	0	0	0	56851000	0	64339000	0	0	1445500	70343000	0	0	0	8850600	0	8205300	P33672
6442599936	808689984	5101599744	5394899968	3865900032	4865399808	12974000128	2049900032	10988999680	15971000320	16931000320	5476100096	15491000320	3413199872	5733100032	554240000	4003099904	1427800064	2152399872	23029999616	9308199936	10453000192	8740400128	P34955
20335000	2337600	74757000	91299000	71111000	120020000	31893000	16704000	0	65775000	38514000	27692000	0	11556000	10672000	0	0	0	0	48686000	60275000	37366000	45587000	P35445
18101000	17990000	0	0	0	0	0	0	0	0	0	0	0	0	0	0	0	17613000	73469000	0	0	0	0	P35541
106710000	47749000	0	0	44973000	43198000	41683000	12432000	48803000	0	50565000	0	64111000	20720000	11202000	0	33280000	34393000	57262000	0	29895000	25684000	30275000	P37141
0	0	0	0	20737000	0	0	0	44089000	62355000	0	22100000	18370000	0	7004300	0	0	0	0	0	19951000	21414000	24311000	P38657
0	0	38001000	39449000	0	0	18519000	24861000	66139000	143970000	0	72013000	0	30640000	0	0	0	0	0	0	31159000	33394000	27007000	P39873
0	0	0	0	0	0	0	0	37997000	25009000	24328000	0	0	0	24907000	0	20999000	0	0	0	0	0	0	P40673
1373400064	987649984	1588899968	1849500032	1554499968	659249984	749270016	454169984	1130099968	2822799872	1028699968	2029100032	1562199936	291840000	369550016	23740000	442780000	161470000	466920000	516940000	1488300032	1422800000	1873799936	P41361
0	0	0	0	0	0	0	1281800	0	0	0	0	0	0	0	0	0	0	0	0	0	0	0	P42916
10904000	0	28516000	20865000	0	0	0	0	0	43999000	0	0	0	0	4146000	0	0	0	0	0	8253100	13490000	0	P49907
277969984	21765000	3682700032	3437299968	415120000	359300000	272169984	377780000	246590000	1451000064	606339968	1162499968	411780000	316340000	85447000	19780000	258820000	7853600	10475000	276100000	1381699968	1588099968	1456499968	P50448
0	0	0	0	18950000	28618000	0	0	0	0	158570000	0	73849000	0	0	0	79109000	0	0	0	0	0	0	P52193
50412000	2850900	0	0	0	0	0	0	21353000	0	0	14081000	16477000	0	0	0	0	0	0	0	0	8870600	0	P52556
0	0	0	0	0	0	0	0	24281000	0	0	0	0	0	0	0	0	0	0	0	0	0	0	P54228
0	0	0	0	0	11002000	0	0	0	0	137020000	0	24701000	0	21825000	0	18994000	0	5250500	0	0	0	0	P55252
83753000	12036000	62147000	81959000	49668000	44385000	38137000	23076000	59901000	86640000	61119000	75508000	60799000	18484000	0	0	23897000	8242800	0	14669000	55677000	53064000	52136000	P55906
0	0	0	0	0	0	116470000	26314000	0	0	0	0	0	33165000	178090000	20436000	151700000	13921000	0	0	0	0	0	P55918
0	0	3601400	3394200	0	0	6239100	0	9661300	13399000	0	6045200	0	0	2566200	0	2665800	0	0	8692300	5462700	4232800	0	P68301
21832000	22938000	10598000	12426000	6711000	6526000	60198000	13926000	75771000	29490000	32823000	0	0	24144000	10218000	0	0	12662000	66846000	0	21739000	20936000	19704000	P56425
64020000	0	820790016	657160000	1706899968	1484599936	85537000	29796000	100510000	162490000	1724400000	215520000	1374200064	22304000	42839000	165880000	4672999936	0	0	0	537520000	640179968	608609984	P56651
115030000	11079000	690830016	739510016	4680600064	5294400000	197290000	29924000	171700000	176700000	4984699904	193530000	3005799936	35605000	80672000	627400000	9933400064	12495000	22909000	389310016	1143600000	1249699968	1234099968	P56652
0	0	0	0	0	0	75384000	0	0	0	0	0	47745000	0	0	0	52357000	0	0	0	0	0	0	P56701
13504000	6408500	39346000	44066000	47834000	44171000	83210000	16339000	156130000	148620000	165570000	113320000	154230000	14942000	35687000	7647700	133480000	0	0	0	79148000	74360000	75991000	P60661
1731600000	105040000	424009984	646609984	348520000	304649984	215640000	78415000	193470000	324000000	428630016	246760000	397990016	78667000	66091000	9098400	200780000	53209000	64147000	169740000	332080000	311360000	309430016	P60712
23132000	6384900	66225000	65183000	64634000	39362000	24970000	9487200	0	49484000	79556000	61156000	47820000	0	0	0	54797000	21713000	15781000	0	37533000	46941000	38707000	P61223
0	0	0	0	0	0	0	0	0	0	0	0	0	0	0	0	0	0	7926500	0	0	0	0	P61356
0	7389900	0	0	0	0	0	3912600	0	49999000	0	16681000	0	0	0	0	0	3861800	6242800	0	0	0	0	P61585
0	0	0	0	0	23498000	0	0	11946000	0	0	0	38925000	0	0	5877300	48981000	0	0	0	0	0	0	P62157
0	0	0	0	51318000	61291000	0	0	0	0	32833000	0	41842000	0	0	10173000	210840000	0	0	0	0	0	0	P62261
0	1360100	0	10947000	25597000	0	29839000	11101000	59604000	39626000	280969984	14528000	51647000	8700200	53845000	0	40492000	29700000	53629000	0	25749000	18783000	18077000	P62803
6713500	0	0	0	12642000	0	105270000	4494900	186860000	44236000	206300000	14349000	64579000	13620000	40237000	0	13358000	15098000	62106000	0	22232000	21565000	34909000	Q32L48
0	0	15347000	13401000	0	0	12699000	6629300	35309000	18492000	0	20207000	0	0	4539500	0	5730900	0	0	0	14171000	7144600	8237600	P62935
0	10938000	0	0	0	0	0	0	0	11558000	0	0	0	0	0	0	0	2558900	4800200	0	0	8534900	0	P62998
0	0	9482400	0	79161000	103200000	0	0	0	0	45629000	0	49441000	0	0	12811000	256070000	0	0	0	0	20151000	18346000	P63103
183920000	102950000	167030000	175580000	63436000	34224000	111670000	35896000	257630000	740880000	92612000	408140000	85985000	25260000	52184000	1991800	56448000	24458000	45972000	0	213910000	232630000	243110000	P68103
458350016	24039000	138350000	172390000	80000000	67097000	43851000	17299000	50314000	75944000	122610000	59624000	105720000	24785000	23870000	3797900	42114000	15077000	20450000	71927000	71199000	98880000	91129000	Q3ZC07
0	0	0	0	10524000	12669000	0	0	0	0	0	0	0	0	0	3108100	59053000	0	0	0	0	0	0	P68250
0	0	0	0	0	17904000	0	0	0	0	0	0	0	0	0	0	19564000	0	0	0	0	0	0	P68252
0	0	0	0	3139100	4966100	0	0	0	0	0	0	0	0	0	0	5594200	0	0	0	0	0	0	P68509
0	0	0	0	3632600	5542800	0	0	0	0	9833900	0	9261700	0	0	0	3746500	0	0	0	0	0	0	P69678
0	0	29582000	25879000	24253000	0	117320000	4976500	143590000	186050000	0	27685000	10948000	11677000	34293000	0	0	0	0	0	53167000	60628000	48242000	P79105
0	10032000	0	0	0	0	149950000	0	239420000	72878000	0	23223000	0	0	31810000	0	0	0	10948000	0	36734000	0	46740000	P79121
0	0	0	0	0	10165000	0	0	0	0	14492000	0	0	0	0	5854200	117800000	5433700	9271900	0	0	0	0	P79124
0	0	0	0	0	0	0	3112700	0	0	0	0	0	4976600	0	0	0	0	0	0	0	0	0	P79345
0	0	17390000	23838000	14076000	31039000	0	2132300	0	0	0	0	15260000	0	0	2148200	20134000	0	0	0	6025300	9303800	5059900	P80012
20002000	0	0	0	16263000	13610000	0	12656000	0	0	0	0	0	9316500	0	0	0	0	0	0	0	0	0	P80109
0	0	0	0	0	7589200	0	0	0	0	49087000	0	17350000	0	0	0	17887000	0	0	0	0	0	0	P80227
0	0	0	0	0	0	85425000	14981000	156590000	98343000	0	43009000	0	23646000	35678000	0	0	0	0	0	0	0	0	P80311
3337500	0	7625700	9816000	0	0	0	9245700	18492000	9559100	0	8818900	0	6894400	0	0	0	0	0	0	0	0	0	P80929
0	0	0	0	0	0	0	0	0	0	0	0	0	0	0	0	0	3299500	8274800	0	0	0	0	P81134
147340000	6715700	3015899904	2709400064	69952000	35146000	169500000	167950000	195350000	1428000000	187970000	2575399936	194150000	72300000	73763000	5131200	35494000	0	0	311150016	960620032	1110099968	1066000000	P81187
0	0	0	0	62245000	32751000	0	0	0	0	589480000	0	840179968	0	91500000	0	149190000	0	92536000	0	0	0	0	P81282
0	0	0	0	0	0	0	0	0	0	44049000	0	0	0	0	0	12475000	4417900	2760700	0	0	0	0	P81287
238690000	44954000	0	109750000	139380000	111970000	119610000	121830000	184840000	0	401520000	0	131450000	333009984	40141000	0	64349000	364329984	659310016	133120000	97909000	80156000	104680000	P81644
0	0	96555000	0	130030000	95769000	0	20440000	0	0	254290000	56071000	248760000	10951000	0	5472400	225770000	7972100	12166000	0	0	77787000	88532000	P81947
66000000	15183000	208160000	138530000	351020000	386870016	50674000	27808000	67241000	110630000	842609984	162090000	730460032	18863000	35153000	25329000	789180032	18619000	27179000	0	203320000	193730000	188460000	P81948
100690000	47738000	30097000	108050000	0	0	114710000	19023000	175930000	50643000	0	26721000	0	12460000	0	0	0	0	0	0	46256000	41919000	44191000	P82943
26937000	13242000	17637000	0	14911000	17272000	11295000	0	15700000	11437000	16065000	11792000	19054000	5054800	4309300	0	0	22974000	27002000	0	12865000	12267000	15075000	Q5E9I6
0	0	0	0	51986000	48228000	0	4991000	41166000	0	0	0	52291000	0	0	9350800	34722000	0	0	0	17046000	14863000	15012000	P85100
236730000	6345300	449460000	397569984	12905000	0	95221000	285480000	178470000	940819968	20798000	737529984	23011000	147790000	22635000	0	0	0	0	0	322190016	287449984	311800000	P98140
804800000	479080000	1869699968	1764700032	1527100032	378590016	8397799936	850460032	13617999872	6763899904	450440000	2992600064	3356100096	1125799936	5279000064	14019000	173990000	949710016	2468000000	88872000	3205799936	3211800064	3228300032	Q03247
33087000	10039000	79531000	47421000	610940032	773689984	82879000	15687000	101560000	64364000	2028899968	106750000	1386000000	9202100	29317000	100180000	1312700032	7062200	13114000	112120000	341260000	244620000	301569984	Q05443
52064000	23577000	72176000	111070000	0	0	91297000	16232000	191350000	200030000	0	94913000	25593000	9315600	11778000	0	0	0	0	0	77873000	69634000	67343000	Q05716
14027000	16628000	21110000	23198000	0	0	33111000	0	54519000	125310000	0	46609000	11828000	0	28564000	0	0	0	0	0	31232000	27125000	29302000	Q05717
33289000	5349400	70043000	107420000	13002000	0	83580000	3716000	212680000	115040000	9889700	52975000	12777000	0	8069300	0	0	0	0	6639000	39955000	40699000	51867000	Q05718
0	0	0	0	0	0	0	5222900	0	12148000	0	7339300	0	5918500	0	0	0	0	0	0	0	0	0	Q08E11
0	0	0	0	15351000	21221000	0	0	0	0	114830000	0	56733000	0	0	1999100	44694000	0	0	0	0	0	0	Q0P569
0	0	0	0	56702000	63720000	0	0	0	0	396830016	0	229110000	0	0	5341000	219660000	0	0	0	32705000	32025000	29195000	Q0VCG9
0	1551400	5317900	0	0	3659300	0	0	0	0	5163800	3152800	5941200	0	0	0	6753100	0	0	0	0	3840300	0	Q0VCM4
53038000	0	2080199936	1762300032	1134899968	1025000000	93617000	163300000	94970000	468800000	483900000	462270016	453760000	49519000	37516000	90945000	1298400000	17107000	9180200	130910000	741510016	708960000	764009984	Q0VCM5
0	7475200	48244000	41517000	42634000	27547000	46833000	8077800	66441000	229780000	0	125480000	66294000	0	35149000	0	0	0	0	0	62979000	79676000	66357000	Q0VCP3
33202000	0	66616000	96911000	73799000	13565000	88181000	100080000	92197000	130940000	28023000	147680000	37607000	90481000	24850000	0	16205000	0	0	0	56129000	56572000	62275000	Q0VCX1
0	0	18343000	0	34474000	32658000	0	0	0	28645000	28188000	37707000	43936000	0	0	1866900	66521000	0	0	0	27832000	18009000	22021000	Q0VCX2
0	5678600	0	0	0	0	0	0	0	47254000	0	15375000	0	0	11498000	0	0	0	0	0	11743000	0	0	Q0VFX8
6405100	4567400	0	0	0	0	0	0	0	0	0	0	0	0	0	0	0	0	0	0	0	0	0	Q148C9
6069500	0	22136000	18191000	34722000	35944000	0	0	0	0	0	0	0	0	0	0	0	0	0	0	0	0	0	Q17QH6
0	0	0	0	0	0	0	0	0	0	0	0	0	0	0	0	4022800	0	0	0	0	0	0	Q1RMU3
53331000	0	125900000	210270000	0	0	297380000	63000000	467520000	197900000	0	206670000	0	68658000	18013000	0	0	0	0	0	107870000	101330000	107490000	Q24K22
0	0	0	0	0	0	0	0	0	16088000	0	16088000	0	0	0	0	0	0	0	0	0	0	0	Q27965
106040000	7679900	117690000	187960000	173990000	181310000	227030000	80654000	292350016	128840000	233810000	105360000	265590000	136310000	61941000	12943000	259530000	0	0	0	138220000	132570000	159900000	Q27967
0	0	0	0	0	0	0	0	0	30073000	0	0	0	0	0	0	0	0	0	0	0	0	0	Q27968
0	6787400	0	0	0	0	167790000	16670000	148160000	55132000	0	0	0	41654000	0	0	0	9119600	11763000	0	0	0	0	Q27970
0	5331200	0	0	21931000	18774000	68663000	15810000	115080000	0	0	0	0	33970000	0	0	0	0	4797500	0	0	18714000	0	Q27971
0	0	14600000	24964000	0	0	146820000	23477000	279550016	168910000	0	48109000	0	40642000	44057000	0	0	0	0	0	54230000	48731000	59539000	Q27972
0	0	0	0	0	0	0	0	0	16092000	0	17642000	0	0	0	0	0	0	0	0	0	0	0	Q27976
13834000	8715200	43956000	24042000	30973000	35511000	59640000	0	102450000	182850000	160510000	126400000	150130000	0	53116000	6844400	109020000	7032000	14254000	0	65972000	64582000	61748000	Q27991
0	0	0	0	0	0	3326900	1907200	6460400	10505000	0	0	0	5386000	0	0	0	0	0	0	0	0	0	Q28008
0	0	43797000	14225000	0	0	0	0	0	0	0	0	0	0	0	0	0	0	0	0	0	7642800	0	Q28017
0	0	0	0	0	0	0	0	0	0	0	0	0	0	0	0	8989300	0	0	0	0	0	0	Q28021
0	0	0	0	0	0	0	0	0	0	46888000	0	19882000	0	0	0	43850000	0	0	0	0	0	0	Q28034
0	0	14215000	12811000	0	0	48071000	0	76460000	31960000	0	25006000	0	0	0	0	0	0	0	0	14793000	8696800	12246000	Q28038
302560000	87567000	533100000	311140000	634150016	240110000	448129984	282470016	1308600064	396280000	447680000	247440000	307329984	448200000	220900000	3521000	333350016	63387000	71226000	55547000	446580000	294009984	274070016	Q28065
1837200000	33176000	2434800128	2547300096	1642000000	50242000	1024200000	685600000	1424000000	3956300032	128120000	4143399936	650339968	185190000	243760000	3608200	30511000	5323600	0	126340000	1875299968	1931600000	1982400000	Q28085
0	0	25835000	0	0	0	0	0	0	0	0	0	0	0	0	0	0	0	0	0	0	0	0	Q28106
343089984	311030016	418190016	426880000	247100000	143210000	176530000	248170000	270300000	643510016	104810000	472369984	195570000	345990016	54369000	2850100	75610000	0	9017900	19678000	356470016	281080000	343670016	Q28107
0	0	0	0	0	0	0	2519900	0	0	0	0	0	2877300	0	0	0	0	0	0	0	0	0	Q28120
0	0	0	0	0	0	0	0	0	0	77129000	0	17138000	0	34186000	0	24197000	0	0	0	0	0	0	Q28146
651420032	22003000	612040000	690899968	553280000	267000000	3058899968	463710016	3828199936	4783399936	195870000	1692499968	1328199936	465590016	1546599936	3169600	36812000	9660700	12345000	83897000	1397900032	1835299968	1417900032	Q28178
0	0	0	0	0	0	0	0	0	0	48724000	0	24628000	0	0	0	16194000	0	0	0	0	0	0	Q28824
0	0	0	0	29427000	29628000	0	0	0	0	191310000	0	52562000	0	11912000	6545100	160970000	0	0	12779000	13337000	12818000	12444000	Q29423
0	0	0	0	0	0	0	0	0	0	0	0	0	0	0	0	0	0	0	10590000	0	0	0	Q29437
176450000	53081000	816590016	895809984	666470016	732430016	2852300032	225570000	2304199936	4329500160	4493300224	1264600064	3879599872	674220032	1122300032	140870000	645040000	67325000	92543000	6960500224	2584100096	2152000000	2196999936	Q29443
0	0	0	0	0	0	0	0	53767000	53767000	0	0	0	0	53767000	0	0	0	0	0	0	0	0	Q29465
4737700	0	9069300	9657000	0	0	0	0	0	0	0	15928000	0	0	0	0	0	0	0	0	0	0	0	Q29RI6
5494400	0	8846000	10312000	0	0	21183000	5604400	17832000	27945000	35524000	7367500	0	6864800	7878200	0	0	0	0	43593000	0	16308000	14717000	Q29RM2
180260000	11845000	618110016	810569984	29253000	0	49478000	47255000	47236000	154160000	57155000	216790000	0	15023000	0	0	0	5252800	0	71994000	249360000	249590000	235920000	Q29RQ1
23036000	3601200	0	0	0	0	0	0	0	0	0	0	0	0	0	0	0	0	3765900	0	0	0	0	Q29RU2
202220000	0	796099968	820659968	0	0	738300032	0	0	319070016	1525699968	374110016	0	0	0	0	0	0	0	0	0	188410000	214980000	Q29RU4
0	0	0	0	0	0	0	0	0	0	17817000	0	0	0	5922200	0	5045300	0	0	0	0	0	0	Q29RV1
0	0	0	10672000	0	0	0	0	0	0	0	16498000	0	0	0	0	0	0	0	0	5785900	0	0	Q29RY7
0	0	49599000	52748000	0	0	19998000	18506000	40009000	194690000	0	124850000	0	7265300	0	0	0	0	0	0	58074000	59139000	63454000	Q2HJ49
0	0	0	0	49429000	54745000	0	0	0	0	115550000	0	91658000	0	0	3579600	121510000	0	0	0	0	25264000	24064000	Q2HJ86
68774000	37486000	348630016	300670016	0	0	230710000	55145000	473860000	792569984	0	227410000	0	55594000	111220000	0	0	4766500	10138000	40312000	246110000	230500000	244190000	Q2KIG3
62204000	0	1984000000	2133799936	737209984	18286000	3710400000	2744499968	7535799808	11863000064	87113000	4975900160	356729984	2884300032	705699968	3138900	0	0	0	83910000	3076100096	3099599872	3242899968	Q2KIS7
43018000	8384700	77670000	95022000	0	0	51932000	21972000	45490000	103190000	60464000	57017000	28331000	0	20927000	0	0	0	0	136410000	61129000	60006000	61978000	Q2KIT0
0	0	0	0	0	0	0	0	0	0	17994000	0	13759000	0	0	0	0	0	0	36625000	8415000	0	0	Q2KIU3
41230000	0	136760000	138780000	135060000	0	46440000	32412000	58547000	472820000	66508000	248690000	58929000	35724000	62330000	0	12459000	0	0	0	159420000	147820000	149290000	Q2KIV9
0	0	0	0	0	0	0	0	0	0	0	0	0	0	0	0	0	0	0	0	0	0	0	Q2KIX7
0	0	0	0	0	0	8128600	0	18246000	0	0	0	0	0	0	0	0	0	0	0	0	0	0	Q2KIY7
0	2522200	18105000	15792000	15518000	13850000	0	0	0	62464000	21731000	16759000	22979000	0	0	0	10245000	0	0	0	16078000	17733000	19096000	Q2KJ33
0	0	0	12179000	0	0	17683000	10093000	27351000	0	0	0	0	10061000	0	0	0	0	0	0	0	0	0	Q2KJ39
57692000	40578000	601689984	744220032	146420000	13577000	1300999936	263310000	1823600000	1086800000	42346000	407310016	44496000	259470000	37115000	3046300	0	0	0	30650000	440510016	434489984	506910016	Q2KJ63
12006000	2164100	30583000	17250000	7010900	6595900	24788000	0	41477000	14843000	6151500	6151200	7506000	2725300	0	0	0	0	0	11949000	10818000	7304400	7771100	Q2KJ83
0	5451100	0	0	0	0	0	0	0	0	0	8777700	0	0	0	0	0	4952700	0	0	0	0	0	Q2KJ93
6190600	3566900	0	0	0	0	0	0	0	0	0	0	0	0	0	0	0	0	0	0	0	0	0	Q2KJC6
11593000	3266400	28585000	19741000	51916000	78914000	0	0	0	0	268520000	39335000	190030000	0	0	4724900	157730000	3681700	5562600	0	35684000	28347000	40477000	Q2KJD0
230760000	25540000	92684000	115800000	72817000	85966000	320960000	34489000	292190016	441870016	613420032	136130000	423609984	56384000	131380000	9107500	74884000	10801000	16005000	1139399936	288540000	248230000	225710000	Q2KJF1
0	0	0	0	0	0	0	0	0	5786300	0	0	0	0	0	0	0	0	0	0	0	0	0	Q2KJG3
34032000	0	57311000	44703000	17882000	11036000	0	0	0	0	0	17640000	20165000	0	0	0	8183500	0	0	0	0	13377000	0	Q2KJH4
19926000	9576400	24472000	27861000	0	0	0	0	0	35169000	0	0	0	0	0	0	0	0	6415600	0	0	22047000	0	Q2KJH6
7084600	4426800	0	0	0	0	0	0	0	0	0	0	0	0	0	0	0	0	0	0	0	0	0	Q2KJH9
0	0	0	0	0	0	0	0	0	48191000	0	21513000	0	0	0	0	0	0	0	0	0	0	0	Q2NKY7
0	0	0	0	0	0	0	0	16399000	0	0	0	0	0	0	0	0	0	0	0	0	0	0	Q2T9V8
0	0	0	0	0	8442200	0	0	0	0	98044000	0	28537000	0	11479000	0	30654000	0	0	0	0	0	0	Q2TA40
26030000	27609000	27964000	46938000	0	0	0	0	12778000	0	0	10111000	9879200	0	7011400	0	0	0	0	0	15163000	24047000	10360000	Q2TA49
68565000	55048000	50128000	51417000	0	0	14367000	15115000	21894000	51281000	0	43722000	0	0	0	0	0	0	4216400	0	27733000	28224000	28967000	Q2TBI0
0	0	0	0	0	0	0	0	0	0	65035000	0	62353000	0	0	0	76711000	0	0	0	0	0	0	Q2TBP0
0	0	0	0	0	0	0	0	0	0	71639000	0	0	0	0	0	0	0	22885000	0	0	0	0	Q2TBU0
0	0	0	0	41757000	39696000	0	0	0	0	214020000	0	119090000	0	0	5655400	160400000	0	0	0	21210000	19241000	18101000	Q2TBX6
755889984	57775000	7954299904	7343499776	1534899968	912849984	804990016	370929984	902380032	3459099904	908240000	5085400064	1272199936	206680000	227540000	22322000	210100000	32158000	56211000	906609984	3202200064	2254000128	3422700032	Q2UVX4
0	0	20847000	14158000	42146000	40053000	0	0	644670016	0	223020000	0	139530000	0	0	4330000	224590000	0	0	0	36950000	37760000	31252000	Q2YDE4
0	0	0	0	27727000	25556000	0	0	0	0	138330000	0	107240000	0	0	3006900	91435000	0	0	0	17018000	15185000	11816000	Q32KL2
0	0	567449984	393440000	70577000	0	0	0	0	1171699968	0	0	0	0	0	0	0	0	0	0	0	0	140200000	Q32KM1
45732000	6004000	536920000	218740000	117380000	95591000	44531000	39962000	66628000	55739000	71143000	99442000	70458000	38997000	16444000	1767000	37111000	42278000	59069000	40440000	143900000	124970000	142880000	Q32KY0
5481000	0	0	0	0	0	0	0	0	0	0	0	0	0	0	0	0	2747900	4045100	6444600	0	0	0	Q32L76
0	0	0	0	0	0	0	0	0	0	0	0	0	0	0	0	1916500	0	0	0	0	0	0	Q32LM2
43202000	20698000	120550000	115540000	62543000	0	93918000	22963000	141250000	489840000	0	314640000	76325000	17500000	45399000	0	0	3822300	5439900	0	159070000	180310000	168040000	Q32LP0
0	0	0	0	0	4178100	0	0	0	0	0	0	0	0	0	0	0	0	0	0	0	0	0	Q32PI5
62964000	11308000	0	0	0	0	15674000	0	0	0	25638000	0	0	0	0	0	0	56489000	166420000	58264000	0	0	14680000	Q32PJ2
0	0	113750000	0	0	0	40999000	0	72749000	0	0	0	0	0	0	0	0	0	0	0	113750000	0	0	Q32S24
0	0	0	0	49793000	44219000	0	0	0	0	20564000	0	39384000	0	25496000	0	9532500	0	0	0	40605000	0	0	Q3B7N2
107850000	27441000	27685000	32205000	16482000	29253000	0	0	0	0	0	32852000	28637000	0	0	0	27566000	11457000	14430000	0	0	0	26427000	Q3MHL4
31909000	7879200	118500000	51305000	263580000	270920000	32206000	11365000	44085000	49545000	743459968	81809000	632920000	6914400	17398000	10849000	477860000	9369600	8936500	0	82746000	105150000	171010000	Q3MHM5
0	0	10245000	0	37245000	36853000	0	0	0	0	183580000	0	146340000	0	0	4194200	191130000	0	0	0	18929000	21310000	19813000	Q3MHN0
69028000	6459200	710209984	734899968	155820000	33391000	208020000	163240000	302460000	939859968	69151000	1195699968	150380000	77739000	51945000	1247100	0	7420600	7478900	44805000	473040000	489990016	501870016	Q3MHN2
1902499968	213250000	503860000	566129984	495460000	549080000	1748300032	1232400000	1463200000	1181799936	1700899968	481800000	1265900032	2392900096	436950016	38110000	386510016	34718000	76392000	2020800000	898620032	850030016	800889984	Q3MHN5
0	7434400	0	0	0	0	0	0	0	40518000	0	24145000	0	0	18230000	0	0	0	0	0	0	0	18545000	Q3MHY1
83100000	11004000	142320000	182820000	323880000	609980032	219820000	65338000	374040000	405190016	49968000	158980000	55469000	122760000	27404000	0	0	0	0	53022000	164130000	162200000	149050000	Q3SWW8
19274000	10698000	58237000	42350000	61388000	48636000	11032000	0	28169000	91525000	85390000	59436000	95485000	0	10287000	1624100	66542000	0	6730300	0	50112000	52187000	48377000	Q3SWY2
1784300032	95698000	2323699968	2557600000	158800000	43167000	215790000	133230000	369510016	2317700096	170870000	2729900032	213160000	88949000	76565000	12519000	44671000	5998700	14296000	140240000	1124199936	1182800000	1199200000	Q3SX14
0	0	18308000	0	0	0	0	0	0	0	0	0	0	0	0	0	0	4608400	28679000	0	0	0	0	Q3SYR5
0	0	26114000	18728000	0	0	0	0	0	51010000	0	26690000	0	0	0	0	0	0	0	0	0	9348800	13576000	Q3SYU2
9923700	8149800	0	0	0	0	0	0	0	0	0	0	0	0	0	0	0	0	0	0	0	0	0	Q3SYU6
79522000	35417000	143840000	158700000	119030000	0	65707000	23992000	64656000	966990016	0	592870016	84800000	13773000	0	0	0	0	0	0	247640000	256700000	299820000	Q3SYV4
0	0	26246000	21316000	0	0	0	0	0	0	0	0	0	0	0	0	0	0	0	0	0	0	0	Q3SYW2
4766200	0	0	0	11410000	3909200	0	0	0	0	8355400	0	17274000	0	0	0	0	0	0	0	0	0	0	Q3SZ54
489840000	66795000	626880000	698209984	381990016	379510016	1335699968	343420000	1424700032	1721600000	2296499968	650310016	1503500032	421660000	568230016	49106000	296080000	31780000	69044000	3780800000	1212700032	1082599936	1074099968	Q3SZ57
0	0	0	0	8829900	10333000	0	0	0	0	53903000	0	41099000	0	0	0	45422000	0	0	0	0	0	0	Q3SZC2
0	0	0	0	0	0	0	0	0	0	0	0	0	0	0	0	0	0	2088500	0	0	0	0	Q3SZD7
0	0	0	0	0	0	0	0	0	0	8469400	0	0	0	0	0	10334000	0	0	0	0	0	0	Q3SZI4
0	3173400	0	0	0	0	0	0	0	0	0	0	0	0	0	0	0	863160	1725800	0	0	0	0	Q3SZJ0
0	0	0	0	0	0	0	0	0	15222000	0	9544300	0	0	0	0	0	0	0	0	0	0	0	Q3SZN0
25464000	0	49494000	60979000	78144000	66459000	41108000	13858000	51003000	250640000	180120000	96939000	286830016	0	38718000	5619100	84944000	0	0	0	114910000	114730000	97441000	Q3SZP2
38760000	11075000	203900000	278190016	157760000	145740000	492630016	19320000	429980000	1453500032	1560599936	276009984	1200199936	27716000	235360000	24239000	174220000	5705500	26420000	3879099904	767849984	697329984	658110016	Q3SZR3
0	0	0	14013000	0	0	0	0	0	0	0	23817000	0	0	0	0	0	0	0	0	0	0	12544000	Q3SZV3
113630000	14787000	227000000	234090000	155650000	142980000	349400000	48054000	372529984	438609984	466329984	181100000	379960000	64896000	111450000	10977000	107800000	12025000	31621000	735289984	303480000	260310000	295289984	Q3SZV7
0	0	13745000	0	0	0	44059000	0	83540000	0	0	38210000	0	0	58994000	0	0	0	0	0	0	20968000	0	Q3T004
0	0	3028000	3923900	0	0	0	0	0	0	0	0	0	0	0	0	0	0	0	0	0	0	0	Q3T035
5361699840	847609984	175410000	654040000	144960000	122930000	654129984	249400000	596209984	378609984	470820000	172740000	357560000	429670016	151850000	13294000	105300000	30712000	75588000	643310016	390670016	439070016	379420000	Q3T052
39280000	23854000	50367000	34845000	47855000	32358000	46752000	13958000	85566000	93582000	54780000	50546000	82441000	12762000	17138000	1547800	38026000	0	18050000	0	37407000	50199000	48028000	Q3T054
97572000	8237400	303729984	286729984	13371000	0	75995000	33399000	144310000	145890000	9963300	146090000	24451000	29545000	10133000	0	0	0	0	11704000	92182000	103850000	95298000	Q3T0A3
0	1369300	0	0	0	0	0	0	0	0	0	0	0	0	0	0	0	0	0	0	0	0	0	Q3T0D0
0	0	0	0	0	0	0	0	0	18709000	0	6953900	0	0	23028000	0	0	0	0	0	0	0	0	Q3T0K2
25841000	21674000	37818000	38114000	0	0	0	0	33878000	69866000	0	69120000	0	0	13195000	0	0	8545000	13310000	0	34016000	30518000	36027000	Q3T0P6
0	0	44140000	21029000	0	0	0	0	0	27200000	0	46560000	0	0	0	0	0	0	0	0	0	16375000	0	Q3T0Q4
0	0	0	0	0	0	0	0	0	0	0	0	0	0	0	0	0	3715600	3715600	0	0	0	0	Q3T0R1
0	0	0	0	0	0	0	0	0	0	27225000	0	0	0	0	0	34357000	0	0	0	0	0	0	Q3T0T1
0	0	0	0	59239000	74251000	0	0	0	0	236490000	0	211970000	0	0	5112600	245130000	0	0	0	41481000	42551000	0	Q3T0X5
0	0	0	0	27180000	34979000	0	0	0	0	120690000	0	125420000	0	0	4591800	147230000	0	0	0	0	0	19401000	Q3T0Y5
0	0	10408000	0	49027000	39192000	0	0	0	0	189050000	0	136600000	0	0	3784200	159680000	0	0	0	20976000	24564000	19781000	Q3T108
0	0	0	0	0	12811000	0	0	0	0	51169000	0	25516000	0	0	0	59056000	0	0	0	0	0	0	Q3T112
22016000	16412000	0	12723000	14960000	10374000	46274000	9619300	47210000	0	42460000	0	33827000	10599000	9688000	0	24738000	170050000	292040000	0	0	18513000	0	Q3T149
0	0	0	0	0	0	35717000	0	65895000	65667000	0	23657000	11274000	0	18629000	0	0	0	0	0	11009000	15657000	13995000	Q3T168
22885000	3784100	68772000	109390000	2998299904	4514299904	222310000	41795000	175130000	189310000	1013899968	114740000	1069600000	60013000	86471000	1267699968	10968000512	5337700	8156900	308310016	676700032	730729984	644979968	Q3Y5Z3
0	0	19738000	21222000	9817600	20404000	13163000	0	0	83378000	0	45272000	44946000	0	0	0	0	0	0	0	27146000	26338000	24748000	Q3ZBD9
0	0	0	0	9491300	9268500	0	0	5369200	0	28359000	0	12031000	0	0	0	0	0	0	0	0	0	4727400	Q3ZBF7
0	0	16552000	0	51846000	48829000	0	0	0	0	289160000	0	249340000	0	0	8111800	184090000	0	0	0	36410000	34616000	28684000	Q3ZBG0
0	0	0	0	0	0	0	0	0	0	0	0	0	0	0	0	0	1880500	0	0	0	0	0	Q3ZBH0
29386000	10047000	9472800	20302000	33794000	20709000	154500000	0	246240000	116570000	74782000	21640000	55765000	12503000	73306000	0	19375000	0	7035100	0	45584000	57841000	41792000	Q3ZBN5
0	0	0	0	0	0	0	0	0	13553000	0	13553000	0	0	0	0	0	0	0	0	0	0	0	Q3ZBV8
0	2242700	14572000	0	0	0	0	0	0	35074000	0	28185000	0	0	0	0	0	0	0	0	10373000	12777000	8396800	Q3ZBZ8
28992000	19314000	0	0	0	0	0	0	0	0	0	0	0	0	0	0	0	16708000	30852000	0	0	0	0	Q3ZC42
0	0	0	0	0	0	0	0	0	0	11028000	0	0	0	0	0	7724900	0	0	0	0	0	0	Q3ZCF0
0	0	0	0	32686000	39196000	0	0	0	0	159700000	0	126530000	0	0	4384800	161210000	0	0	0	0	18272000	26123000	Q3ZCK9
0	0	0	0	0	0	0	0	0	0	0	0	0	0	0	0	0	0	5056600	0	0	0	0	Q56JV9
0	0	0	0	11569000	0	38872000	0	39245000	51654000	57832000	16808000	46080000	5265900	21640000	1344200	10726000	0	0	98666000	31825000	34354000	31640000	Q58CQ9
23765000	0	0	0	0	0	0	0	0	0	0	0	0	0	0	0	0	0	0	0	0	0	0	Q58CS8
0	0	0	58825000	0	0	0	0	58825000	0	0	0	0	0	0	0	0	0	0	0	0	0	0	Q58CX7
0	5451700	0	0	0	0	0	0	0	0	0	0	0	0	0	0	0	0	0	0	0	0	0	Q58D31
1003000000	125770000	342640000	444689984	307409984	381350016	1024400000	136820000	1098300032	1396499968	1558499968	584819968	1379200000	221280000	609150016	48992000	321520000	33192000	60826000	2692800000	894960000	993640000	937299968	Q58D62
0	0	0	0	57976000	21057000	0	0	0	0	218820000	0	174630000	0	0	3812600	172930000	0	0	0	28246000	24832000	0	Q58DU5
0	0	0	0	0	3365800	0	0	0	0	0	5319800	0	0	0	0	5564500	0	0	0	0	0	0	Q5E983
0	0	19755000	0	42565000	47576000	0	0	0	0	252130000	0	169920000	0	0	5786700	226920000	0	0	0	27130000	27221000	26967000	Q5E987
0	0	0	0	0	0	9909000	0	22049000	0	0	0	0	0	11159000	0	0	0	0	0	0	0	0	Q5E9A1
0	914590	0	0	0	0	0	0	0	0	0	0	0	0	0	0	0	0	0	0	0	0	0	Q5E9A3
39066000	8971500	22581000	22357000	0	0	10939000	2834200	0	26887000	0	0	0	0	0	0	0	9168200	10632000	0	0	0	16863000	Q5E9B1
5821700	2546400	8090100	11135000	9137300	6095100	0	3489500	8654100	0	15362000	17576000	13495000	4219200	0	0	10111000	24024000	28618000	0	0	16032000	11386000	Q5E9B7
21447000	0	38746000	43837000	0	0	23569000	0	70754000	126860000	0	101300000	0	0	0	0	0	0	0	0	44983000	39502000	44988000	Q5E9C0
10235000	5507400	0	0	0	0	13553000	0	24762000	34184000	0	30449000	0	0	0	0	0	0	0	0	0	0	19865000	Q5E9D5
20040000	11331000	73839000	98553000	98902000	25945000	32451000	20389000	32853000	297670016	52861000	156010000	38917000	23741000	44596000	12037000	11230000	0	0	0	104550000	96076000	81701000	Q5E9E3
48790000	4655300	0	21564000	0	0	24963000	0	55633000	10928000	14082000	0	0	0	4267600	0	0	0	0	0	10141000	11878000	13524000	Q5E9F5
74884000	37832000	103500000	93158000	27124000	17026000	90201000	15991000	197610000	293840000	17887000	149850000	31801000	14911000	34990000	0	16847000	5768800	11495000	0	95293000	79957000	96016000	Q5E9F7
0	16268000	0	46932000	0	0	114220000	0	142260000	94430000	0	66768000	0	0	19660000	0	0	0	0	0	63558000	53280000	71557000	Q5E9H0
0	0	0	0	0	27207000	0	0	0	0	127650000	0	88646000	0	0	3641300	133190000	0	0	0	0	0	0	Q5E9K0
0	5775600	29112000	23014000	11140000	8796600	13242000	0	19461000	40375000	11259000	25352000	16099000	0	0	0	17413000	0	3305000	0	16052000	14999000	20903000	Q5E9R3
0	0	0	0	0	0	0	0	0	7882600	0	4499000	0	0	0	0	0	0	0	0	0	0	0	Q5E9X0
247560000	50193000	211170000	281969984	286440000	312420000	570600000	197710000	988520000	870710016	3483099904	606470016	1065600000	174410000	685910016	65471000	1208800000	7204700	0	20968000	447990016	503280000	474620000	Q5E9Z2
0	0	22288000	0	0	0	0	0	0	0	0	0	0	0	0	0	0	0	0	0	0	0	0	Q5EA20
20777000	17575000	0	0	0	0	0	0	0	0	0	0	0	0	0	0	0	8230800	13879000	0	0	0	0	Q5EAD2
0	0	0	0	175680000	127840000	0	0	0	0	301550016	0	331169984	0	0	17249000	328289984	0	0	0	68639000	56282000	52782000	Q5KR47
0	0	0	0	61611000	45917000	0	0	0	0	107670000	0	141980000	0	0	10764000	206380000	0	0	0	0	0	0	Q5KR48
521020000	67251000	843710016	779889984	557230016	0	704430016	33664000	2954400000	1105799936	0	798750016	585619968	128960000	159280000	0	0	0	0	0	712110016	677670016	611430016	Q5NTB3
0	0	0	0	0	0	0	0	0	0	0	0	0	0	0	0	0	0	137890000	0	137890000	0	0	Q5QQ49
0	0	12062000	0	0	0	0	0	10853000	48610000	0	16512000	0	0	0	0	0	0	0	0	0	0	12438000	Q6EWQ7
0	0	9554900	7150800	8364700	0	12676000	6415500	23072000	49393000	0	24482000	0	0	0	0	0	0	0	0	11957000	7952800	14279000	Q6Q137
41395000	3538400	69765000	71596000	14222000	0	8233900	12290000	28603000	65403000	0	42811000	11142000	7049800	7653100	0	0	0	0	0	34661000	31140000	38569000	Q6R8F2
17401000	0	0	16027000	0	0	0	0	0	0	0	0	0	0	0	0	0	0	0	0	0	0	0	Q6URK6
0	0	0	0	0	0	0	0	0	0	51097000	0	13067000	0	0	0	16439000	0	0	0	0	0	0	Q6ZXC9
0	0	0	0	0	0	0	0	0	0	0	0	0	0	0	0	0	0	1645400	0	0	0	0	Q762I5
0	15725000	100950000	251300000	77926000	100870000	27846000	0	41302000	121380000	326960000	165120000	194900000	0	31159000	11792000	268280000	228800000	0	0	87052000	88325000	199460000	Q76LV1
0	0	124280000	96477000	152460000	166500000	54265000	10349000	70023000	225180000	596819968	184120000	385240000	0	58976000	19413000	388820000	0	0	0	134680000	139410000	150240000	Q76LV2
1419800064	91724000	1416499968	1715799936	1463900032	1382599936	2031900032	720440000	1819399936	2082300032	3072000000	1025200000	1871299968	1077200000	687520000	70996000	947779968	217290000	259210000	2841999872	1512999936	1462300032	1631699968	Q7SIH1
23461000	0	16322000	107980000	0	0	47897000	24248000	79483000	38762000	20249000	23955000	0	28012000	0	0	0	0	0	0	29281000	22997000	24190000	Q8SPP7
0	0	0	0	0	0	0	0	0	0	0	0	0	0	0	0	0	0	71109000	0	0	0	0	Q8SQ28
0	4783100	15113000	19938000	20274000	0	11712000	10228000	0	29138000	0	25993000	16100000	0	0	0	0	0	0	0	0	16448000	14707000	Q92176
0	0	0	0	0	0	9507500	0	14524000	13606000	0	0	0	0	11758000	0	0	0	0	0	0	0	0	Q95117
216820000	14622000	3501100032	3655899904	75326000	24407000	336840000	615260032	418980000	2384399872	188230000	2390400000	276009984	296040000	117280000	7545400	45078000	9078200	12534000	259760000	1395800064	1424899968	1576099968	Q95121
0	0	0	0	0	3726200	0	0	0	0	0	0	0	0	0	0	0	0	0	0	0	0	0	Q95140
0	0	7164000	6095200	3965300	5047400	45854000	9971300	51346000	28172000	29408000	5009900	22382000	6512400	23731000	0	7943600	0	0	51275000	17894000	11402000	10586000	Q95M17
0	0	32000000	20170000	36511000	53435000	0	0	0	39941000	320960000	63005000	137720000	0	0	0	99085000	0	0	0	39268000	32212000	28820000	Q95M18
0	0	0	0	0	0	0	0	0	5016800	0	5063200	0	0	0	0	0	0	0	0	0	0	0	Q9BGI2
6441500	0	6413300	0	7305400	0	0	0	0	15481000	8816000	0	8839400	0	0	0	0	985220	1927900	0	0	0	0	Q9BGI3
0	0	32447000	17513000	0	0	0	0	0	0	0	27740000	0	0	0	0	0	0	0	0	0	0	10339000	Q9GLE5
16392000	6005600	14529000	23150000	0	0	77243000	8888700	114280000	130740000	0	48944000	51497000	12122000	44861000	0	0	0	0	0	41088000	40066000	45023000	Q9GLX9
0	0	0	0	0	0	0	0	0	27531000	0	19716000	0	0	0	0	0	0	0	0	0	0	0	Q9GMB8
0	0	0	0	0	0	14584000	0	41997000	16888000	0	0	0	0	13084000	0	0	0	0	0	0	0	0	Q9MYY0
0	0	0	0	0	0	40289000	0	61508000	36136000	0	13583000	16543000	0	23821000	0	0	0	0	0	15978000	8106800	0	Q9N179
1798300032	333089984	2823300096	3049799936	530230016	233610000	1309500032	722099968	2188100096	3764999936	351060000	2515599872	436240000	692449984	432670016	12015000	209580000	31550000	70964000	147320000	1829500032	1708899968	1567799936	Q9N2I2
7775400	2359400	0	0	0	0	0	0	0	0	0	0	0	0	0	0	0	0	0	0	0	0	0	Q9TS87
9678800	0	36333000	31666000	17023000	24622000	60721000	6074600	65566000	87763000	104930000	27162000	79619000	11348000	30367000	2044100	16966000	0	0	147850000	58926000	61989000	42202000	Q9TT36
116850000	26541000	271809984	410609984	337369984	304000000	1547799936	143080000	1376899968	1198400000	2407099904	449940000	2009699968	296870016	411440000	44845000	388150016	33004000	92334000	3918200064	1164999936	816040000	1107200000	Q9TTE1
0	9723200	0	0	0	0	0	0	0	0	0	0	0	0	0	0	0	2955200	6739000	0	0	0	0	Q9TTJ5
0	0	161780000	128830000	24885000	0	41360000	24875000	56799000	186790000	0	229780000	0	18637000	11499000	0	0	4961100	6132400	0	77336000	64227000	80600000	Q9XSJ4
